Epoch,Architecture,Time,msPerStep,Loss,TrainAccuracy,ValidationLoss,ValidationAccuracy,Config
1,InceptionV3,269,609,740730002990836819639140352.0000,0.0376,4.0254,0.0477,AMDRP5754GB
2,InceptionV3,253,575,4.0511,0.0420,4.0255,0.0431,AMDRP5754GB
3,InceptionV3,248,563,4.0415,0.0436,4.0099,0.0477,AMDRP5754GB
4,InceptionV3,245,555,4.0264,0.0435,4.0023,0.0392,AMDRP5754GB
5,InceptionV3,244,554,4.0230,0.0412,4.0032,0.0457,AMDRP5754GB
6,InceptionV3,245,555,4.0161,0.0426,3.9840,0.0457,AMDRP5754GB
7,InceptionV3,245,556,4.0101,0.0450,3.9947,0.0477,AMDRP5754GB
8,InceptionV3,245,555,4.0085,0.0451,3.9877,0.0477,AMDRP5754GB
9,InceptionV3,245,555,4.0059,0.0449,3.9968,0.0444,AMDRP5754GB
10,InceptionV3,245,555,4.0038,0.0449,3.9888,0.0548,AMDRP5754GB
1,InceptionV3,896,2000,2.6477,0.3853,2.7943,0.4356,i7
2,InceptionV3,885,2000,2.0008,0.4634,2.6720,0.4380,i7
3,InceptionV3,888,2000,1.7977,0.5112,2.5551,0.4308,i7
4,InceptionV3,888,2000,1.6669,0.5425,2.3939,0.4589,i7
5,InceptionV3,889,2000,1.5863,0.5633,2.8568,0.4321,i7
6,InceptionV3,889,2000,1.5063,0.5886,2.6913,0.4386,i7
7,InceptionV3,888,2000,1.4303,0.6044,2.3274,0.4987,i7
8,InceptionV3,887,2000,1.3842,0.6192,2.9331,0.4484,i7
9,InceptionV3,884,2000,1.3302,0.6271,2.5131,0.4621,i7
10,InceptionV3,888,2000,1.2999,0.6448,2.7305,0.4478,i7
1,ResNet101,255,578,4.1236,0.0407,4.0013,0.0457,AMDRP5754GB
2,ResNet101,245,556,4.0122,0.0456,3.9896,0.0477,AMDRP5754GB
3,ResNet101,245,556,4.0036,0.0463,3.9938,0.0457,AMDRP5754GB
4,ResNet101,245,556,4.0015,0.0466,3.9862,0.0477,AMDRP5754GB
5,ResNet101,245,556,4.0023,0.0466,3.9859,0.0477,AMDRP5754GB
6,ResNet101,245,557,3.9991,0.0459,677273.1216,0.0477,AMDRP5754GB
7,ResNet101,245,557,3.9989,0.0478,3.9834,0.0457,AMDRP5754GB
8,ResNet101,246,557,4.0008,0.0475,3.9843,0.0477,AMDRP5754GB
9,ResNet101,246,557,3.9992,0.0456,3.9822,0.0477,AMDRP5754GB
10,ResNet101,245,556,3.9998,0.0462,3.9824,0.0477,AMDRP5754GB
1,ResNet101,899,2000,2.6904,0.3231,2.8457,0.3616,i7
2,ResNet101,888,2000,1.9970,0.4618,3.2496,0.3877,i7
3,ResNet101,895,2000,1.7757,0.5145,3.4259,0.3564,i7
4,ResNet101,904,2000,1.6700,0.5424,2.4273,0.4491,i7
5,ResNet101,903,2000,1.5690,0.5663,2.6986,0.4491,i7
6,ResNet101,905,2000,1.5227,0.5797,2.6436,0.4758,i7
7,ResNet101,903,2000,1.4375,0.6040,2.7554,0.4321,i7
8,ResNet101,904,2000,1.3918,0.6159,2.5640,0.4661,i7
9,ResNet101,904,2000,1.3333,0.6284,3.1729,0.4171,i7
10,ResNet101,901,2000,1.2925,0.6442,2.1552,0.5189,i7
1,ResNet50,255,579,4.0865,0.0393,4.0486,0.0379,AMDRP5754GB
2,ResNet50,245,557,4.0190,0.0434,421638680529634660973585367040.0000,0.0483,AMDRP5754GB
3,ResNet50,246,558,4.0116,0.0454,3.9930,0.0431,AMDRP5754GB
4,ResNet50,246,557,4.0018,0.0448,4.0240,0.0548,AMDRP5754GB
5,ResNet50,246,557,3.9983,0.0434,3.9829,0.0477,AMDRP5754GB
6,ResNet50,269,611,3.9969,0.0448,3951561527776766072565214994235392.0000,0.0392,AMDRP5754GB
7,ResNet50,271,615,4.0005,0.0449,1398084578240626832692543349587968,0.047,AMDRP5754GB
8,ResNet50,271,615,3.9993,0.0445,12068266850299297654412266176512.0000,0.0477,AMDRP5754GB
9,ResNet50,271,615,3.9996,0.0451,3.9896,0.0477,AMDRP5754GB
10,ResNet50,272,616,3.9992,0.0471,33475320838823118511394009382912.0000,0.0470,AMDRP5754GB
1,ResNet50,1477,3000,4.6038,0.0182,4.3427,0.0228,i7
2,ResNet50,1471,3000,4.6031,0.0170,4.3406,0.0222,i7
3,ResNet50,1471,3000,4.5926,0.0193,4.3436,0.0222,i7
4,ResNet50,1471,3000,4.5999,0.0180,4.3424,0.0222,i7
5,ResNet50,1471,3000,4.5999,0.0188,4.3414,0.0222,i7
6,ResNet50,1471,3000,4.6013,0.0185,4.3404,0.0222,i7
7,ResNet50,1471,3000,4.6005,0.0177,4.3420,0.0222,i7
8,ResNet50,1471,3000,4.6108,0.0169,4.3413,0.0222,i7
9,ResNet50,1471,3000,4.5956,0.0166,4.3414,0.0222,i7
10,ResNet50,1471,3000,4.6002,0.0197,4.3399,0.0222,i7
1,ResNet50,239,542,3.72175,0.1938,6.0247,0.0174,GeForce
2,ResNet50,238,541,3.0613,0.2132,5.8411,0.0222,GeForce
3,ResNet50,238,540,2.7431,0.2839,4.9208,0.0346,GeForce
4,ResNet50,239,541,2.5314,0.3263,9.9995,0.0222,GeForce
5,ResNet50,237,538,2.3527,0.3666,5.4421,0.0215,GeForce
6,ResNet50,238,539,2.2284,0.3970,4.2438,0.0170,GeForce
7,ResNet50,238,540,2.1310,0.4184,13.3265,0.0222,GeForce
8,ResNet50,238,539,2.0434,0.4406,9.4894,0.0431,GeForce
9,ResNet50,237,538,1.9593,0.4600,6.8325,0.0111,GeForce
10,ResNet50,238,540,1.9057,0.4719,24.4775,0.0137,GeForce
1,DenseNet121,290,658,3.4695,0.1483,7.9968,0.0248,GeForce
2,DenseNet121,271,614,2.6894,0.2905,6.8399,0.0398,GeForce
3,DenseNet121,266,603,2.3775,0.3575,6.9870,0.0372,GeForce
4,DenseNet121,267,605,2.1804,0.4050,9.3428,0.0535,GeForce
5,DenseNet121,266,603,2.0414,0.4371,5.7842,0.0809,GeForce
6,DenseNet121,267,605,1.9339,0.4629,5.3938,0.0659,GeForce
7,DenseNet121,265,600,1.8541,0.4869,4.7711,0.0901,GeForce
8,DenseNet121,265,601,1.7727,0.5059,6.4823,0.0711,GeForce
9,DenseNet121,266,603,1.7002,0.5191,4.8552,0.1012,GeForce
10,DenseNet121,267,605,1.6492,0.5356,6.2716,0.0953,GeForce
1,ResNet50,7558,1700,3.8031,0.0919,11.2635,0.0392,i9
2,ResNet50,6858,1600,3.2349,0.1680,5.8949,0.0222,i9
3,ResNet50,7090,1600,2.8824,0.2462,6.1500,0.0431,i9
4,ResNet50,7296,1700,2.6638,0.2952,4.5208,0.0111,i9
1,ResNet101,337,764,3.9228,0.0669,5.5785,0.0124,GeForce
2,ResNet101,330,749,3.5013,0.1104,4.4054,0.0431,GeForce
3,ResNet101,332,752,3.3279,0.1527,6.1655,0.0111,GeForce
4,ResNet101,333,756,3.1570,0.1770,6.7079,0.0111,GeForce
5,ResNet101,333,754,3.0187,0.2106,8.5220,0.0222,GeForce
6,ResNet101,335,760,2.9100,0.2337,10.8267,0.0222,GeForce
7,ResNet101,343,778,2.8067,0.2596,4.8813,0.0431,GeForce
8,ResNet101,335,759,2.6951,0.2845,5.1830,0.0431,GeForce
9,ResNet101,334,758,2.5857,0.3113,22.0464,0.0392,GeForce
10,ResNet101,334,758,2.5019,0.3222,5.9036,0.0457,GeForce
1,InceptionV3,243,551,3.8956,0.0656,4.5514,0.0535,GeForce
2,InceptionV3,232,525,3.6444,0.0899,4.3317,0.1018,GeForce
3,InceptionV3,236,534,3.4646,0.1140,4.2083,0.0744,GeForce
4,InceptionV3,244,553,3.3768,0.1293,3.2169,0.1462,GeForce
5,InceptionV3,246,557,3.3282,0.1411,3.4748,0.1051,GeForce
6,InceptionV3,232,526,3.2623,0.1491,4.3362,0.1103,GeForce
7,InceptionV3,230,521,3.1843,0.1690,4.1002,0.1018,GeForce
8,InceptionV3,235,532,3.0930,0.1881,4.8457,0.0914,GeForce
9,InceptionV3,255,578,3.0235,0.2052,3.7311,0.1123,GeForce
10,InceptionV3,232,527,2.9643,0.2122,3.9222,0.1142,GeForce
1,DenseNet121,285,653,4.2364,0.0376,8.2312,0.0346,AMDRP5754GB
2,DenseNet121,267,605,3.7853,0.0382,7.6979,0.0422,AMDRP5754GB
3,DenseNet121,269,608,3.3545,0.0385,7.4852,0.0437,AMDRP5754GB
4,DenseNet121,263,601,2.9809,0.0397,7.4763,0.0436,AMDRP5754GB
5,DenseNet121,265,603,2.0422,0.0408,9.0632,0.0008,AMDRP5754GB
6,DenseNet121,266,607,1.9104,0.0417,7.2674,0.0567,AMDRP5754GB
7,DenseNet121,265,603,1.8323,0.0422,6.3872,0.0694,AMDRP5754GB
8,DenseNet121,265,603,1.7825,0.0453,6.4322,0.0658,AMDRP5754GB
9,DenseNet121,265,603,1.7011,0.0511,4.3723,0.1484,AMDRP5754GB
10,DenseNet121,263,601,1.6468,0.0548,4.4808,0.1438,AMDRP5754GB
1,DensNet121,1836,4000,2.4794,0.3673,4.1458,0.2369,i7
2,DensNet121,1817,4000,1.6920,0.5310,5.2699,0.2500,i7
3,DensNet121,1819,4000,1.4812,0.5816,3.5619,0.3381,i7
4,DensNet121,1811,4000,1.3386,0.6230,2.8929,0.3949,i7
5,DensNet121,1826,4000,1.3253,0.6254,4.8001,0.2637,i7
6,DensNet121,1813,4000,1.2716,0.6421,3.4077,0.3270,i7
7,DensNet121,1830,4000,1.2533,0.6506,5.2261,0.2546,i7
8,DensNet121,1806,4000,1.1711,0.6711,3.1686,0.3916,i7
9,DensNet121,1809,4000,1.1161,0.6835,4.5844,0.2572,i7
10,DensNet121,1810,4000,1.1037,0.7063,4.5844,0.4273,i7